snp-dists 0.8.2	Met4851	Met5781	Met5782	Met5796	Met8578	Met8579	Reference
Met4851	0	57	57	99	38	70	78196
Met5781	57	0	64	101	45	87	79175
Met5782	57	64	0	92	29	68	78586
Met5796	99	101	92	0	98	82	58993
Met8578	38	45	29	98	0	67	77532
Met8579	70	87	68	82	67	0	77313
Reference	78196	79175	78586	58993	77532	77313	0
